P 58.083771 963.97383 0.0
L 61.114229 943.26571 1.0
L 59.599 899.32407 1.0
L 55.55839 884.17178 1.0
L 52.022856 883.16163 1.0
L 51.51778 889.72762 1.0
L 53.538085 920.53728 1.0
L 58.083771 947.81139 1.0
L 62.124382 962.96368 1.0
L 62.629458 946.80124 1.0
L 67.175144 934.67941 1.0
L 73.741136 929.62865 1.0
L 86.368043 930.6388 1.0
L 90.408653 934.17433 1.0
L 94.449263 943.26571 1.0
L 94.954339 955.38754 1.0
L 92.934034 967.50937 1.0
L 89.3985 975.59059 1.0
P 110.6117 951.34693 0.0
L 145.96704 946.80124 1.0
L 142.93659 932.65911 1.0
L 132.83506 922.0525 1.0
L 119.70308 918.51697 1.0
L 109.60155 922.0525 1.0
L 105.56094 932.15403 1.0
L 103.03556 945.79109 1.0
L 105.05586 955.89261 1.0
L 114.14724 964.47891 1.0
L 128.79445 966.49922 1.0
L 139.90613 959.42815 1.0
P 166.67517 968.51952 0.0
L 161.62441 945.28601 1.0
L 159.6041 906.39514 1.0
L 161.62441 885.68701 1.0
L 166.17009 875.58549 1.0
L 167.18025 878.61594 1.0
L 168.1904 891.24285 1.0
L 167.68532 920.53728 1.0
L 166.17009 944.78094 1.0
L 161.11933 958.418 1.0
L 155.05842 967.00429 1.0
P 192.93914 969.52967 0.0
L 185.36299 945.79109 1.0
L 183.34269 912.96113 1.0
L 183.34269 886.69717 1.0
L 184.85792 870.02965 1.0
L 189.4036 863.96873 1.0
L 190.41375 876.59564 1.0
L 189.4036 913.46621 1.0
L 187.88837 940.23525 1.0
L 185.86807 955.89261 1.0
L 181.82746 964.98399 1.0
L 177.78685 970.03475 1.0
P 209.10158 964.98399 0.0
L 217.68787 971.54998 1.0
L 231.32493 970.53983 1.0
L 241.93153 962.96368 1.0
L 247.48737 944.78094 1.0
L 243.44676 927.10327 1.0
L 226.77925 915.99159 1.0
L 211.12188 914.47636 1.0
L 203.04066 923.56773 1.0
L 198.49498 938.21494 1.0
L 201.02036 955.89261 1.0
L 205.56604 964.47891 1.0
L 213.64726 969.52967 1.0
L 224.25387 968.51952 1.0
L 233.34524 964.47891 1.0
P 51.51778 1018.5221 0.0
L 49.497475 1029.6338 1.0
L 50.507627 1047.8165 1.0
L 55.55839 1063.9789 1.0
L 62.629458 1073.5754 1.0
L 68.185297 1072.5652 1.0
L 74.246212 1060.9485 1.0
L 78.286822 1044.786 1.0
L 78.791899 1028.6236 1.0
L 75.256365 1024.583 1.0
L 69.195449 1029.1287 1.0
L 72.730983 1041.7556 1.0
L 77.781746 1057.4129 1.0
L 87.378195 1072.0602 1.0
L 98.489873 1075.5957 1.0
L 104.55079 1070.0399 1.0
L 111.62186 1052.3622 1.0
L 109.60155 1031.149 1.0
L 101.01525 1007.9155 1.0
P 140.4112 1022.0576 0.0
L 126.77414 1030.6439 1.0
L 124.75384 1047.8165 1.0
L 131.82491 1069.5348 1.0
L 146.47212 1070.5449 1.0
L 162.63456 1067.0094 1.0
L 173.74624 1051.8571 1.0
L 172.23101 1034.6845 1.0
L 155.05842 1015.9967 1.0
L 139.90613 1014.9865 1.0
L 132.83506 1022.5627 1.0
L 128.28937 1034.6845 1.0
P 180.31223 1016.5018 0.0
L 185.36299 1020.5424 1.0
L 189.90868 1041.2505 1.0
L 189.4036 1058.9282 1.0
L 185.36299 1073.0703 1.0
L 182.33253 1072.0602 1.0
L 179.80715 1063.9789 1.0
L 183.34269 1050.3419 1.0
L 186.37314 1035.1896 1.0
L 192.43406 1016.5018 1.0
L 200.0102 1011.451 1.0
L 212.13203 1013.4713 1.0
L 217.68787 1021.5525 1.0
L 218.69803 1035.6947 1.0
L 216.67772 1040.7454 1.0
P 243.95184 1064.9891 0.0
L 238.90108 1047.3114 1.0
L 237.89092 1032.1591 1.0
L 238.396 998.8241 1.0
L 241.42646 980.13628 1.0
L 249.50768 976.09567 1.0
L 250.01276 988.72257 1.0
L 246.47722 1018.017 1.0
L 242.43661 1040.2404 1.0
L 238.396 1055.3926 1.0
L 232.84016 1066.5043 1.0
L 225.76909 1074.5855 1.0
P 302.54069 1070.0399 0.0
L 294.45947 1052.3622 1.0
L 290.92393 1032.6642 1.0
L 291.42901 980.64135 1.0
L 299.51023 964.47891 1.0
L 301.02546 971.54998 1.0
L 299.00515 993.26826 1.0
L 295.9747 1015.4916 1.0
L 293.44931 1040.7454 1.0
L 290.41886 1054.8876 1.0
L 284.86302 1065.4942 1.0
L 271.73103 1072.5652 1.0
L 254.55844 1067.0094 1.0
L 249.50768 1051.8571 1.0
L 249.50768 1036.7048 1.0
L 255.56859 1027.6134 1.0
L 270.72088 1018.5221 1.0
L 281.83256 1023.0678 1.0
L 288.90363 1031.6541 1.0
L 290.41886 1043.2708 1.0
P 326.27927 1047.3114 0.0
L 321.22851 1054.8876 1.0
L 323.24881 1059.9383 1.0
L 337.89603 1061.4536 1.0
L 334.36049 1052.3622 1.0
L 326.78435 1050.3419 1.0
L 322.74374 1058.9282 1.0
L 323.75389 1067.5145 1.0
L 332.34019 1064.484 1.0
L 339.41126 1052.8673 1.0
L 334.36049 1049.3317 1.0
L 328.29958 1056.4028 1.0
P 329.30973 1034.6845 0.0
L 326.27927 1013.9764 1.0
L 323.75389 989.73272 1.0
L 323.75389 972.05506 1.0
L 326.27927 965.99414 1.0
L 328.29958 967.00429 1.0
L 331.33004 975.08551 1.0
L 331.33004 986.19719 1.0
L 330.31988 1006.9053 1.0
L 326.27927 1025.0881 1.0
L 325.26912 1031.6541 1.0
